{
    "{031eaf57}": {
        "items": {
            "{ea18fa39}": {
                "transform": [
                    [
                        0.7091124653816223,
                        0.0,
                        0.7050958275794983,
                        0.0
                    ],
                    [
                        0.0,
                        1.0,
                        0.0,
                        0.0
                    ],
                    [
                        -0.7050958275794983,
                        0.0,
                        0.7091124057769775,
                        0.0
                    ],
                    [
                        6186.3427734375,
                        -91.47718811035156,
                        4867.8388671875,
                        1.0
                    ]
                ],
                "name": "SpeedZone2",
                "__type": "MapLocator"
            },
            "{7e67a1cb}": {
                "transform": [
                    [
                        0.7091124653816223,
                        0.0,
                        0.7050958275794983,
                        0.0
                    ],
                    [
                        0.0,
                        1.0,
                        0.0,
                        0.0
                    ],
                    [
                        -0.7050958275794983,
                        0.0,
                        0.7091124057769775,
                        0.0
                    ],
                    [
                        7800.21728515625,
                        -91.47635650634766,
                        6479.38427734375,
                        1.0
                    ]
                ],
                "name": "SpeedZone1",
                "__type": "MapLocator"
            },
            "{70c221bd}": null,
            "{0725f709}": null,
            "{50c4731e}": null,
            "{3eb27a1b}": null
        },
        "__type": "MapPlaceableContainer"
    },
    "{084615c5}": {
        "items": {
            "{dd6b6692}": {
                "transform": [
                    [
                        1.0,
                        0.0,
                        0.0,
                        0.0
                    ],
                    [
                        0.0,
                        1.0,
                        0.0,
                        0.0
                    ],
                    [
                        0.0,
                        0.0,
                        1.0,
                        0.0
                    ],
                    [
                        6141.26025390625,
                        -96.202880859375,
                        6714.009765625,
                        1.0
                    ]
                ],
                "name": "RSBot",
                "__type": "MapGroup"
            },
            "{913e2669}": {
                "transform": [
                    [
                        -0.9683159589767456,
                        0.0,
                        0.2497275471687317,
                        0.0
                    ],
                    [
                        0.0,
                        0.9999999403953552,
                        0.0,
                        0.0
                    ],
                    [
                        -0.24972760677337646,
                        0.0,
                        -0.9683159589767456,
                        0.0
                    ],
                    [
                        6559.2783203125,
                        -204.61477661132812,
                        7282.25341796875,
                        1.0
                    ]
                ],
                "name": " Locator_RSBot_Chaos2",
                "__type": "MapLocator"
            },
            "{d4ef7659}": {
                "transform": [
                    [
                        0.5076208710670471,
                        0.0,
                        -0.861580491065979,
                        0.0
                    ],
                    [
                        0.0,
                        0.9999999403953552,
                        0.0,
                        0.0
                    ],
                    [
                        0.861580491065979,
                        0.0,
                        0.5076208114624023,
                        0.0
                    ],
                    [
                        5818.7783203125,
                        -208.86764526367188,
                        6518.599609375,
                        1.0
                    ]
                ],
                "name": " Locator_RSBot_Order1",
                "__type": "MapLocator"
            },
            "{02917469}": {
                "transform": [
                    [
                        -0.9683159589767456,
                        0.0,
                        0.2497275471687317,
                        0.0
                    ],
                    [
                        0.0,
                        0.9999999403953552,
                        0.0,
                        0.0
                    ],
                    [
                        -0.24972760677337646,
                        0.0,
                        -0.9683159589767456,
                        0.0
                    ],
                    [
                        6406.77783203125,
                        -204.61477661132812,
                        6973.833984375,
                        1.0
                    ]
                ],
                "name": " Locator_RSBot_Chaos1",
                "__type": "MapLocator"
            },
            "{fa98aff3}": {
                "transform": [
                    [
                        0.16491208970546722,
                        0.0,
                        -0.986308217048645,
                        0.0
                    ],
                    [
                        0.0,
                        0.9999999403953552,
                        0.0,
                        0.0
                    ],
                    [
                        0.986308217048645,
                        0.0,
                        0.16491203010082245,
                        0.0
                    ],
                    [
                        5444.2392578125,
                        -204.10926818847656,
                        6297.93115234375,
                        1.0
                    ]
                ],
                "name": " Locator_RSBot_Order2",
                "__type": "MapLocator"
            }
        },
        "__type": "MapPlaceableContainer"
    },
    "{0ac1d74a}": {
        "items": {
            "{62d04ec3}": {
                "transform": [
                    [
                        1.0,
                        0.0,
                        0.0,
                        0.0
                    ],
                    [
                        0.0,
                        1.0,
                        0.0,
                        0.0
                    ],
                    [
                        0.0,
                        0.0,
                        1.0,
                        0.0
                    ],
                    [
                        6785.658203125,
                        -193.99990844726562,
                        5803.19140625,
                        1.0
                    ]
                ],
                "name": "group2",
                "__type": "MapGroup"
            },
            "{afbb758c}": {
                "transform": [
                    [
                        0.7071067690849304,
                        0.0,
                        -0.7071067690849304,
                        0.0
                    ],
                    [
                        0.0,
                        0.9999999403953552,
                        0.0,
                        0.0
                    ],
                    [
                        0.7071067094802856,
                        0.0,
                        0.7071067094802856,
                        0.0
                    ],
                    [
                        5063.1142578125,
                        -175.04188537597656,
                        4927.6923828125,
                        1.0
                    ]
                ],
                "name": "RubbleLocator_Order_A",
                "__type": "MapLocator"
            },
            "{cf648eae}": {
                "transform": [
                    [
                        0.9999999403953552,
                        0.0,
                        0.0,
                        0.0
                    ],
                    [
                        0.0,
                        0.9999999403953552,
                        0.0,
                        0.0
                    ],
                    [
                        0.0,
                        0.0,
                        0.9999998807907104,
                        0.0
                    ],
                    [
                        8024.03759765625,
                        -165.14300537109375,
                        7760.73486328125,
                        1.0
                    ]
                ],
                "name": "RubbleLocator_Chaos_A",
                "__type": "MapLocator"
            },
            "{1d0a2ed5}": {
                "transform": [
                    [
                        -0.6614152193069458,
                        0.0,
                        0.7500206232070923,
                        0.0
                    ],
                    [
                        0.0,
                        1.0,
                        0.0,
                        0.0
                    ],
                    [
                        -0.7500206232070923,
                        0.0,
                        -0.6614152193069458,
                        0.0
                    ],
                    [
                        7734.263671875,
                        -165.1428985595703,
                        7769.06201171875,
                        1.0
                    ]
                ],
                "name": "RubbleLocator_Chaos_B",
                "__type": "MapLocator"
            },
            "{ab5bd0c4}": {
                "transform": [
                    [
                        1.0,
                        0.0,
                        0.0,
                        0.0
                    ],
                    [
                        0.0,
                        1.0,
                        0.0,
                        0.0
                    ],
                    [
                        0.0,
                        0.0,
                        1.0,
                        0.0
                    ],
                    [
                        4783.12744140625,
                        -184.059814453125,
                        4938.27880859375,
                        1.0
                    ]
                ],
                "name": "RubbleLocator_Order_B",
                "__type": "MapLocator"
            },
            "{da954017}": {
                "transform": [
                    [
                        0.9999999403953552,
                        0.0,
                        0.0,
                        0.0
                    ],
                    [
                        0.0,
                        0.9999999403953552,
                        0.0,
                        0.0
                    ],
                    [
                        0.0,
                        0.0,
                        0.9999998807907104,
                        0.0
                    ],
                    [
                        7845.59619140625,
                        -158.40945434570312,
                        7734.02587890625,
                        1.0
                    ]
                ],
                "name": "RubbleLocator_Chaos_Base",
                "__type": "MapLocator"
            },
            "{dca180f2}": {
                "transform": [
                    [
                        1.0,
                        0.0,
                        0.0,
                        0.0
                    ],
                    [
                        0.0,
                        1.0,
                        0.0,
                        0.0
                    ],
                    [
                        0.0,
                        0.0,
                        1.0,
                        0.0
                    ],
                    [
                        4919.9365234375,
                        -197.3851318359375,
                        4910.0361328125,
                        1.0
                    ]
                ],
                "name": "RubbleLocator_Order_Base",
                "__type": "MapLocator"
            }
        },
        "__type": "MapPlaceableContainer"
    },
    "{0cba0cbe}": {
        "items": {
            "{48a4c063}": {
                "transform": [
                    [
                        0.7505686283111572,
                        0.0,
                        -0.6607926487922668,
                        0.0
                    ],
                    [
                        0.0,
                        1.0,
                        0.0,
                        0.0
                    ],
                    [
                        0.6607926487922668,
                        0.0,
                        0.7505686283111572,
                        0.0
                    ],
                    [
                        8117.408203125,
                        -604.0048828125,
                        276.98876953125,
                        1.0
                    ]
                ],
                "name": "Crepe_Fog_edges1",
                "system": "Maps/Shipping/Map12/Particles/Crepe/Crepe_Fog_edges",
                "__type": "MapParticle"
            },
            "{d27e94c2}": {
                "transform": [
                    [
                        0.7505686283111572,
                        0.0,
                        -0.6607926487922668,
                        0.0
                    ],
                    [
                        0.0,
                        1.0,
                        0.0,
                        0.0
                    ],
                    [
                        0.6607926487922668,
                        0.0,
                        0.7505686283111572,
                        0.0
                    ],
                    [
                        5626.95849609375,
                        -332.9788818359375,
                        1693.340087890625,
                        1.0
                    ]
                ],
                "name": "Crepe_Fog_edges3",
                "system": "Maps/Shipping/Map12/Particles/Crepe/Crepe_Fog_edges",
                "__type": "MapParticle"
            },
            "{b73d1795}": {
                "transform": [
                    [
                        0.8423827886581421,
                        -5.3396786825032905e-05,
                        -0.5388796925544739,
                        0.0
                    ],
                    [
                        0.002478462178260088,
                        0.9999898076057434,
                        0.0037752732168883085,
                        0.0
                    ],
                    [
                        0.5388740301132202,
                        -0.004515818320214748,
                        0.8423743844032288,
                        0.0
                    ],
                    [
                        10031.3642578125,
                        -470.32568359375,
                        4266.986328125,
                        1.0
                    ]
                ],
                "name": "Crepe_Fog_edges4",
                "system": "Maps/Shipping/Map12/Particles/Crepe/Crepe_Fog_edges",
                "__type": "MapParticle"
            },
            "{9bc96223}": {
                "transform": [
                    [
                        0.6428970694541931,
                        0.0,
                        -0.7659527063369751,
                        0.0
                    ],
                    [
                        0.0,
                        1.0,
                        0.0,
                        0.0
                    ],
                    [
                        0.7659527063369751,
                        0.0,
                        0.6428970694541931,
                        0.0
                    ],
                    [
                        5434.3271484375,
                        -682.39501953125,
                        2669.87109375,
                        1.0
                    ]
                ],
                "name": "Crepe_Fog_edges5",
                "system": "Maps/Shipping/Map12/Particles/Crepe/Crepe_Fog_edges",
                "__type": "MapParticle"
            },
            "{e57bca7f}": {
                "transform": [
                    [
                        0.6428970694541931,
                        0.0,
                        -0.7659527063369751,
                        0.0
                    ],
                    [
                        0.0,
                        1.0,
                        0.0,
                        0.0
                    ],
                    [
                        0.7659527063369751,
                        0.0,
                        0.6428970694541931,
                        0.0
                    ],
                    [
                        6195.9326171875,
                        -126.30029296875,
                        2815.04638671875,
                        1.0
                    ]
                ],
                "name": "Crepe_Fog_edges6",
                "system": "Maps/Shipping/Map12/Particles/Crepe/Crepe_Fog_edges",
                "__type": "MapParticle"
            },
            "{aafc165c}": {
                "transform": [
                    [
                        0.6428970694541931,
                        0.0,
                        -0.7659527063369751,
                        0.0
                    ],
                    [
                        0.0,
                        1.0,
                        0.0,
                        0.0
                    ],
                    [
                        0.7659527063369751,
                        0.0,
                        0.6428970694541931,
                        0.0
                    ],
                    [
                        5189.8544921875,
                        -1281.411865234375,
                        3362.85107421875,
                        1.0
                    ]
                ],
                "name": "Crepe_Fog_edges7",
                "system": "Maps/Shipping/Map12/Particles/Crepe/Crepe_Fog_edges",
                "__type": "MapParticle"
            },
            "{9d051ffe}": {
                "transform": [
                    [
                        0.6428970694541931,
                        0.0,
                        -0.7659527063369751,
                        0.0
                    ],
                    [
                        0.0,
                        1.0,
                        0.0,
                        0.0
                    ],
                    [
                        0.7659527063369751,
                        0.0,
                        0.6428970694541931,
                        0.0
                    ],
                    [
                        6276.4921875,
                        -279.065673828125,
                        4120.67333984375,
                        1.0
                    ]
                ],
                "name": "Crepe_Fog_edges8",
                "system": "Maps/Shipping/Map12/Particles/Crepe/Crepe_Fog_edges",
                "__type": "MapParticle"
            },
            "{0a8b7ea9}": {
                "transform": [
                    [
                        0.5520148873329163,
                        0.0,
                        -0.8338344097137451,
                        0.0
                    ],
                    [
                        0.0,
                        1.0,
                        0.0,
                        0.0
                    ],
                    [
                        0.8338344097137451,
                        0.0,
                        0.552014946937561,
                        0.0
                    ],
                    [
                        7065.6767578125,
                        -1572.772216796875,
                        3639.669189453125,
                        1.0
                    ]
                ],
                "name": "Crepe_Fog_edges9",
                "system": "Maps/Shipping/Map12/Particles/Crepe/Crepe_Fog_edges",
                "__type": "MapParticle"
            },
            "{f78f1ff6}": {
                "transform": [
                    [
                        0.6428970694541931,
                        0.0,
                        -0.7659527063369751,
                        0.0
                    ],
                    [
                        0.0,
                        1.0,
                        0.0,
                        0.0
                    ],
                    [
                        0.7659527063369751,
                        0.0,
                        0.6428970694541931,
                        0.0
                    ],
                    [
                        6558.40380859375,
                        -1192.71728515625,
                        4791.3369140625,
                        1.0
                    ]
                ],
                "name": "Crepe_Fog_edges10",
                "system": "Maps/Shipping/Map12/Particles/Crepe/Crepe_Fog_edges",
                "__type": "MapParticle"
            },
            "{1d2d6494}": {
                "transform": [
                    [
                        0.6428970694541931,
                        0.0,
                        -0.7659527063369751,
                        0.0
                    ],
                    [
                        0.0,
                        1.0,
                        0.0,
                        0.0
                    ],
                    [
                        0.7659527063369751,
                        0.0,
                        0.6428970694541931,
                        0.0
                    ],
                    [
                        7347.65625,
                        -832.8004150390625,
                        4620.03369140625,
                        1.0
                    ]
                ],
                "name": "Crepe_Fog_edges12",
                "system": "Maps/Shipping/Map12/Particles/Crepe/Crepe_Fog_edges",
                "__type": "MapParticle"
            },
            "{4fb078c9}": {
                "transform": [
                    [
                        0.6428970694541931,
                        0.0,
                        -0.7659527063369751,
                        0.0
                    ],
                    [
                        0.0,
                        1.0,
                        0.0,
                        0.0
                    ],
                    [
                        0.7659527063369751,
                        0.0,
                        0.6428970694541931,
                        0.0
                    ],
                    [
                        7833.212890625,
                        -461.9837646484375,
                        4816.7978515625,
                        1.0
                    ]
                ],
                "name": "Crepe_Fog_edges13",
                "system": "Maps/Shipping/Map12/Particles/Crepe/Crepe_Fog_edges",
                "__type": "MapParticle"
            },
            "{8c684184}": {
                "transform": [
                    [
                        0.6428970694541931,
                        0.0,
                        -0.7659527063369751,
                        0.0
                    ],
                    [
                        0.0,
                        1.0,
                        0.0,
                        0.0
                    ],
                    [
                        0.7659527063369751,
                        0.0,
                        0.6428970694541931,
                        0.0
                    ],
                    [
                        7905.5224609375,
                        -1409.6785888671875,
                        1391.7587890625,
                        1.0
                    ]
                ],
                "name": "Crepe_Fog_edges14",
                "system": "Maps/Shipping/Map12/Particles/Crepe/Crepe_Fog_edges",
                "__type": "MapParticle"
            },
            "{8d8d321a}": {
                "transform": [
                    [
                        0.6428970694541931,
                        0.0,
                        -0.7659527063369751,
                        0.0
                    ],
                    [
                        0.0,
                        1.0,
                        0.0,
                        0.0
                    ],
                    [
                        0.7659527063369751,
                        0.0,
                        0.6428970694541931,
                        0.0
                    ],
                    [
                        7833.212890625,
                        -785.6073608398438,
                        5571.3173828125,
                        1.0
                    ]
                ],
                "name": "Crepe_Fog_edges15",
                "system": "Maps/Shipping/Map12/Particles/Crepe/Crepe_Fog_edges",
                "__type": "MapParticle"
            },
            "{11133fb6}": {
                "transform": [
                    [
                        0.6428970694541931,
                        0.0,
                        -0.7659527063369751,
                        0.0
                    ],
                    [
                        0.0,
                        1.0,
                        0.0,
                        0.0
                    ],
                    [
                        0.7659527063369751,
                        0.0,
                        0.6428970694541931,
                        0.0
                    ],
                    [
                        7710.5048828125,
                        -733.1487426757812,
                        6434.87890625,
                        1.0
                    ]
                ],
                "name": "Crepe_Fog_edges16",
                "system": "Maps/Shipping/Map12/Particles/Crepe/Crepe_Fog_edges",
                "__type": "MapParticle"
            },
            "{2db45cd8}": {
                "transform": [
                    [
                        0.6428970694541931,
                        0.0,
                        -0.7659527063369751,
                        0.0
                    ],
                    [
                        0.0,
                        1.0,
                        0.0,
                        0.0
                    ],
                    [
                        0.7659527063369751,
                        0.0,
                        0.6428970694541931,
                        0.0
                    ],
                    [
                        8829.6748046875,
                        -555.0868530273438,
                        5453.44677734375,
                        1.0
                    ]
                ],
                "name": "Crepe_Fog_edges17",
                "system": "Maps/Shipping/Map12/Particles/Crepe/Crepe_Fog_edges",
                "__type": "MapParticle"
            },
            "{ab292586}": {
                "transform": [
                    [
                        0.6428970694541931,
                        0.0,
                        -0.7659527063369751,
                        0.0
                    ],
                    [
                        0.0,
                        1.0,
                        0.0,
                        0.0
                    ],
                    [
                        0.7659527063369751,
                        0.0,
                        0.6428970694541931,
                        0.0
                    ],
                    [
                        8715.3828125,
                        -1061.166259765625,
                        6257.005859375,
                        1.0
                    ]
                ],
                "name": "Crepe_Fog_edges18",
                "system": "Maps/Shipping/Map12/Particles/Crepe/Crepe_Fog_edges",
                "__type": "MapParticle"
            },
            "{0013bcf6}": {
                "transform": [
                    [
                        0.6428970694541931,
                        0.0,
                        -0.7659527063369751,
                        0.0
                    ],
                    [
                        0.0,
                        1.0,
                        0.0,
                        0.0
                    ],
                    [
                        0.7659527063369751,
                        0.0,
                        0.6428970694541931,
                        0.0
                    ],
                    [
                        9493.923828125,
                        -1132.65185546875,
                        6257.005859375,
                        1.0
                    ]
                ],
                "name": "Crepe_Fog_edges20",
                "system": "Maps/Shipping/Map12/Particles/Crepe/Crepe_Fog_edges",
                "__type": "MapParticle"
            },
            "{fa51fd8e}": {
                "transform": [
                    [
                        0.6428970694541931,
                        0.0,
                        -0.7659527063369751,
                        0.0
                    ],
                    [
                        0.0,
                        1.0,
                        0.0,
                        0.0
                    ],
                    [
                        0.7659527063369751,
                        0.0,
                        0.6428970694541931,
                        0.0
                    ],
                    [
                        9493.923828125,
                        -1572.772216796875,
                        6257.005859375,
                        1.0
                    ]
                ],
                "name": "Crepe_Fog_edges2",
                "system": "Maps/Shipping/Map12/Particles/Crepe/Crepe_Fog_edges",
                "__type": "MapParticle"
            },
            "{fab97bc8}": {
                "transform": [
                    [
                        0.7125831842422485,
                        0.0,
                        -0.7015877366065979,
                        0.0
                    ],
                    [
                        0.0,
                        1.0,
                        0.0,
                        0.0
                    ],
                    [
                        0.7015877366065979,
                        0.0,
                        0.7125832438468933,
                        0.0
                    ],
                    [
                        9365.8193359375,
                        -998.9570922851562,
                        7174.767578125,
                        1.0
                    ]
                ],
                "name": "Crepe_Fog_edges21",
                "system": "Maps/Shipping/Map12/Particles/Crepe/Crepe_Fog_edges",
                "__type": "MapParticle"
            },
            "{2b93e48b}": {
                "transform": [
                    [
                        0.7125831842422485,
                        0.0,
                        -0.7015877366065979,
                        0.0
                    ],
                    [
                        0.0,
                        1.0,
                        0.0,
                        0.0
                    ],
                    [
                        0.7015877366065979,
                        0.0,
                        0.7125832438468933,
                        0.0
                    ],
                    [
                        10180.765625,
                        -524.5748291015625,
                        7233.5712890625,
                        1.0
                    ]
                ],
                "name": "Crepe_Fog_edges23",
                "system": "Maps/Shipping/Map12/Particles/Crepe/Crepe_Fog_edges",
                "__type": "MapParticle"
            },
            "{7a53d15b}": {
                "transform": [
                    [
                        0.7125831842422485,
                        0.0,
                        -0.7015877366065979,
                        0.0
                    ],
                    [
                        0.0,
                        1.0,
                        0.0,
                        0.0
                    ],
                    [
                        0.7015877366065979,
                        0.0,
                        0.7125832438468933,
                        0.0
                    ],
                    [
                        11161.0546875,
                        -979.3575439453125,
                        5824.5185546875,
                        1.0
                    ]
                ],
                "name": "Crepe_Fog_edges24",
                "system": "Maps/Shipping/Map12/Particles/Crepe/Crepe_Fog_edges",
                "__type": "MapParticle"
            },
            "{7f76e716}": {
                "transform": [
                    [
                        0.7125831842422485,
                        0.0,
                        -0.7015877366065979,
                        0.0
                    ],
                    [
                        0.0,
                        1.0,
                        0.0,
                        0.0
                    ],
                    [
                        0.7015877366065979,
                        0.0,
                        0.7125832438468933,
                        0.0
                    ],
                    [
                        10972.5986328125,
                        47.278076171875,
                        7233.5712890625,
                        1.0
                    ]
                ],
                "name": "Crepe_Fog_edges25",
                "system": "Maps/Shipping/Map12/Particles/Crepe/Crepe_Fog_edges",
                "__type": "MapParticle"
            },
            "{d03063e4}": {
                "transform": [
                    [
                        0.7505686283111572,
                        0.0,
                        -0.6607926487922668,
                        0.0
                    ],
                    [
                        0.0,
                        1.0,
                        0.0,
                        0.0
                    ],
                    [
                        0.6607926487922668,
                        0.0,
                        0.7505686283111572,
                        0.0
                    ],
                    [
                        6879.2939453125,
                        -865.379150390625,
                        1112.769287109375,
                        1.0
                    ]
                ],
                "name": "Crepe_Fog_edges28",
                "system": "Maps/Shipping/Map12/Particles/Crepe/Crepe_Fog_edges",
                "__type": "MapParticle"
            },
            "{302c5353}": {
                "transform": [
                    [
                        0.7505686283111572,
                        0.0,
                        -0.6607926487922668,
                        0.0
                    ],
                    [
                        0.0,
                        1.0,
                        0.0,
                        0.0
                    ],
                    [
                        0.6607926487922668,
                        0.0,
                        0.7505686283111572,
                        0.0
                    ],
                    [
                        7343.26708984375,
                        -784.95458984375,
                        2623.5654296875,
                        1.0
                    ]
                ],
                "name": "Crepe_Fog_edges29",
                "system": "Maps/Shipping/Map12/Particles/Crepe/Crepe_Fog_edges",
                "__type": "MapParticle"
            },
            "{2c6ca94f}": {
                "transform": [
                    [
                        0.7505686283111572,
                        0.0,
                        -0.6607926487922668,
                        0.0
                    ],
                    [
                        0.0,
                        1.0,
                        0.0,
                        0.0
                    ],
                    [
                        0.6607926487922668,
                        0.0,
                        0.7505686283111572,
                        0.0
                    ],
                    [
                        6718.5712890625,
                        -428.7952880859375,
                        503.5894775390625,
                        1.0
                    ]
                ],
                "name": "Crepe_Fog_edges30",
                "system": "Maps/Shipping/Map12/Particles/Crepe/Crepe_Fog_edges",
                "__type": "MapParticle"
            },
            "{2aab800a}": {
                "transform": [
                    [
                        0.7814309000968933,
                        0.0,
                        -0.6239917874336243,
                        0.0
                    ],
                    [
                        0.0,
                        1.0,
                        0.0,
                        0.0
                    ],
                    [
                        0.623991847038269,
                        0.0,
                        0.7814309000968933,
                        0.0
                    ],
                    [
                        8578.2978515625,
                        -868.0986328125,
                        4145.9560546875,
                        1.0
                    ]
                ],
                "name": "Crepe_Fog_edges31",
                "system": "Maps/Shipping/Map12/Particles/Crepe/Crepe_Fog_edges",
                "__type": "MapParticle"
            },
            "{078c3782}": {
                "transform": [
                    [
                        0.8175669312477112,
                        0.021108996123075485,
                        -0.5754467844963074,
                        0.0
                    ],
                    [
                        -0.0235136728733778,
                        0.999718189239502,
                        0.0032653706148266792,
                        0.0
                    ],
                    [
                        0.5753535032272339,
                        0.010861207731068134,
                        0.817832887172699,
                        0.0
                    ],
                    [
                        8167.17626953125,
                        -1536.947509765625,
                        2917.76806640625,
                        1.0
                    ]
